  1.580780217784005E-003
  2.914237387896090E-004
 -2.660959990118367E-004
  8.882093750969065E-004
 -5.923785912577995E-004
  3.344931451262513E-005
 -1.080012714985518E-004
  8.221164900326407E-004
 -2.819144437320014E-003
 -3.272061488728882E-005
  6.237789566025334E-004
 -6.095873222362834E-005
 -2.737925925588794E-004
 -5.841312543363802E-005
  6.454552823827301E-005
 -7.088325833434789E-004
  5.207052990126329E-004
  1.129823887913831E-003
 -9.692948594536621E-004
 -7.270280134941598E-004
  6.675795361647571E-004
  1.456209240336597E-004
  7.049946412485404E-004
  1.011506058177345E-004
 -1.080933008629261E-003
 -9.418492703166211E-004
  7.773105473625753E-004
  4.230672551746213E-004
 -3.004093852709259E-004
 -3.038389392750537E-004
 -5.227619070018809E-005
 -5.069200409605687E-004
  2.834805625693998E-004
  1.118677346004422E-003
 -1.304824418983901E-004
 -7.563779023679319E-004
 -3.475461340765583E-005
  1.619411675151389E-004
  1.195058373622546E-003
  7.180123380791311E-004
  2.563991167258165E-004
  3.542250325896468E-004
  1.493288166817713E-004
 -2.389230459956899E-004
  2.990361654293173E-005
  1.463785662494341E-004
  1.578162956436438E-005
  1.046992610886975E-003
 -8.956658528080907E-004
 -2.372827161643142E-003
  8.627618391832823E-004
  1.936007690294354E-003
 -7.375820897716677E-004
  2.189984304686573E-004
 -2.424553689468704E-004
 -1.132615795233708E-003
  1.018703200173004E-003
 -5.039495677260749E-004
  1.373591305251525E-004
  5.191443267914601E-004
  3.616481743091938E-004
  3.176422896128022E-006
  2.754687078900435E-004
  5.093523915055517E-004
 -1.338969317222413E-004
 -9.919252652296254E-004
 -1.953374863210726E-004
  7.846570094894107E-004
 -3.750609215035992E-005
  3.313041990902093E-004
 -3.530289087045341E-004
 -4.818872695727789E-004
  5.432702414292691E-004
 -3.809474385593622E-004
 -3.171360164052977E-004
 -3.044551111901349E-004
 -4.843269571041910E-004
  1.242028637444997E-004
  8.349890608850479E-004
 -8.722874968956135E-005
 -3.096947194640365E-004
  4.424139557375152E-004
 -3.739718623228732E-004
 -1.428355553249719E-004
  2.910641922967292E-004
 -7.927307876843624E-004
 -3.378122759575690E-005
 -5.594468841374987E-005
  3.063154586130000E-004
  4.509523134404236E-004
 -8.307997084128156E-005
 -2.483710402968982E-004
 -8.787190297443410E-005
  1.860025768087760E-004
 -2.073772726657160E-004
 -1.223431913949734E-004
  1.549466581908724E-005
 -2.041501324883796E-004
  2.444147955077028E-004
 -6.850104941198182E-005
  2.662640723667812E-004
  1.688475448393899E-005
  6.599028629563548E-004
 -1.972150038413213E-004
 -2.162605624606601E-004
  4.939660441225633E-004
 -1.349538725414593E-004
 -1.887709388224133E-004
  3.201909930240599E-004
 -3.614446459254796E-004
 -2.195073422328523E-004
  1.106112771717924E-004
 -1.272219322854966E-004
  1.903072017876076E-004
  1.392993137543160E-004
 -5.878406766575903E-004
 -9.068946785112238E-005
  1.018621530824174E-004
 -9.223673676773402E-005
  1.885005548607645E-004
 -8.636081532990879E-005
 -4.097118053634856E-006
 -4.804334286083172E-004
  4.395685027611701E-004
 -3.794831945077653E-004
 -1.564383854383280E-004
  1.811395625396559E-004
 -5.200339351218861E-005
  1.207505861026558E-005
  1.844237824005586E-004
 -2.306881889101678E-004
  3.555798970200615E-005
 -2.456787442668617E-004
 -4.578804296713538E-004
  6.448662571873101E-005
 -1.226100197914363E-004
  2.736922013403787E-004
  3.703989234185237E-004
 -3.824081971568244E-004
  1.638605837379846E-004
  7.715498026577724E-005
  3.342785434522002E-004
  1.349219732889243E-004
 -1.427294102607043E-004
 -2.023782481176085E-004
 -7.156067481684307E-005
  7.687270418947011E-005
  1.481934242081135E-004
 -3.002509480122803E-004
  2.551485245455977E-004
 -3.893233095196677E-004
 -2.844637154101100E-004
  7.144216946627498E-005
  1.170049505718378E-004
 -4.298318707516527E-005
 -1.189508867001337E-005
  1.074582966409526E-004
 -1.487459182496861E-004
  4.111563409460093E-004
  1.971632762492757E-004
  1.589815223574517E-004
  3.050761472016240E-004
  2.892165079023021E-004
  5.909865858105501E-005
 -2.000290124820137E-004
 -5.812711109148032E-005
 -3.233676731589070E-004
  3.040710116767289E-004
 -1.103540456222171E-004
  7.957903149512872E-004
  3.197624682068713E-005
  6.705151495144784E-004
  7.464187872363544E-004
  1.365685557767639E-004
 -2.136041466180155E-005
 -1.067363145411516E-004
  2.774532469525989E-004
 -1.723673114715296E-004
 -8.131766673942439E-005
 -3.852028804967282E-004
  1.739032215000890E-004
 -8.737627584183402E-004
 -6.480778724170337E-004
  1.749539695259726E-004
 -2.745828062727949E-004
  4.213182476725207E-004
  3.475669092110250E-004
  6.143172422601159E-006
 -1.880232121004827E-004
  1.024008270610358E-004
  1.826450224496202E-004
  2.567086082803805E-004
  2.562260846696714E-004
 -1.137664082659375E-004
  4.948148868562788E-005
  3.601872852426449E-004
 -2.275266073649019E-004
 -6.781145690983705E-004
 -1.367934993072659E-003
  2.404664281929834E-004
 -2.890422477164531E-004
  2.784813751144104E-004
  2.146930692011543E-004
 -1.285111718460258E-004
 -2.405461115229388E-004
 -4.904909753318365E-004
 -6.275645203171620E-005
  3.645608846664993E-004
  9.680165946062190E-005
  2.347489526487863E-004
 -8.480439144641628E-005
 -9.914285148372808E-006
  5.799728816145693E-005
  7.994036283148045E-005
  1.127523015842887E-003
  7.247117520703259E-005
  3.273192007873264E-004
 -7.200780654698286E-004
 -4.607276134508906E-004
 -2.615716148293642E-004
 -3.238812613667208E-004
  2.197575842545423E-004
  5.893213314621478E-004
 -1.029642466508281E-004
 -1.278598407959512E-004
 -5.195776961247673E-005
 -5.321533269177350E-004
  4.443259296177854E-004
  1.404734151937914E-004
 -1.329111060764795E-004
  2.825837459512981E-004
 -6.896485642682845E-004
  1.367475605879539E-004
 -7.012009599674990E-004
 -3.284131588888624E-004
  1.317595724263437E-004
  2.062592307004717E-004
  1.565183522744967E-004
 -1.864869485666664E-004
 -4.960915158127394E-005
 -9.698036163218842E-005
 -1.640581456824874E-004
  3.373410651436681E-004
  1.739235517514046E-005
 -3.448239356462827E-004
  3.148406230062974E-004
 -5.400194055417289E-004
  5.330482778404620E-004
 -6.756949736120618E-005
  1.271996103621282E-004
  4.628981686986600E-004
 -3.823208595835243E-004
 -3.584172125054611E-004
  8.721855790257270E-005
 -6.785213347079449E-005
  3.427569589149126E-004
  3.953261831589935E-004
 -4.309300092279495E-004
 -1.300694352511115E-004
  6.205559978255536E-005
  2.664485452949716E-004
  9.453881263199359E-005
  2.450314027788172E-004
 -1.048100694307759E-004
  2.587702080155171E-005
 -2.108462352915910E-004
 -2.133343752179771E-005
  2.436369665036360E-006
  1.809034966216333E-004
 -1.295045147092929E-004
  4.585273228666858E-004
 -1.432713140267711E-004
  3.655302778512179E-004
 -1.985373730038232E-005
 -3.199081366234628E-006
  2.560184144407584E-004
 -2.160535986058800E-004
  1.452924588708940E-004
 -4.817368565237367E-005
  8.857807341452129E-005
  6.060689743662409E-005
 -4.233725841108323E-005
 -2.493401657543062E-005
 -2.579441262953529E-004
 -1.824502800264928E-004
 -3.105539605415585E-004
 -1.326049549578798E-004
  1.752141882996907E-004
 -7.262240939850823E-005
  9.910364683659613E-005
 -3.316566702270132E-004
  1.772872714458770E-005
 -4.526235924693209E-005
 -3.406488450424825E-005
 -2.124425003689528E-004
 -3.145457168834236E-005
  9.111310644676569E-006
 -1.931820084954254E-004
  5.654875320282845E-005
 -1.994418058598186E-004
 -8.040824203628142E-005
  2.440730688135469E-004
  1.984340191232527E-004
 -1.326393065652154E-004
  4.925139816190216E-005
  2.855172093993928E-004
 -1.649980476802305E-004
  1.365697132383132E-004
 -1.117183512401117E-004
 -2.549104788037889E-004
 -1.419918921199606E-004
 -1.863617365757916E-004
 -4.382841542541539E-005
  1.782578385859670E-005
  8.004306690626893E-005
  2.241150181208737E-004
 -1.978797313854612E-004
  1.209958736957069E-004
 -2.150220289721823E-004
  1.046970617890295E-004
 -2.331692456326306E-005
  1.789866411431245E-004
 -9.083762667741032E-005
 -1.598605192854391E-004
  7.269995908923281E-005
  1.690966243202004E-004
  2.826273263165969E-004
  8.044445065826424E-006
  4.213266655029036E-004
  3.662683821762775E-005
  6.151199539107974E-005
 -2.480223532115190E-005
  9.210838851362070E-005
  8.541779648616359E-005
 -1.495290614252004E-004
 -4.791496849803777E-005
 -2.176527772545979E-004
 -1.735389414407066E-004
  1.086280286405840E-004
  6.385190649492954E-005
  4.726560887253454E-005
 -7.025758285053769E-005
 -2.102621649927198E-003
 -6.652054147657163E-004
 -2.011254447468140E-004
  1.144996537126435E-005
  4.935235284193783E-004
 -7.460099318020017E-004
  8.433577487950988E-004
 -8.067821813975630E-004
  1.332106887038414E-003
  9.511468114364517E-005
  3.158561411289337E-004
  4.632094257666313E-004
  4.459556950154169E-004
  5.905880255483249E-004
 -3.557438035744722E-004
  1.538691833171849E-004
 -3.016036875858325E-004
 -6.365371918638942E-004
 -8.784309300880944E-005
  4.025998481509710E-004
  5.766548493441473E-004
 -2.057148389027382E-005
 -7.747873561928627E-004
  3.349836991824818E-004
  9.961610082650590E-004
  2.151123947865886E-004
 -8.555746689349094E-004
  6.366942780697751E-004
  3.500063360412922E-004
  2.512257972138718E-004
  3.724456896011928E-004
 -1.836685051851178E-005
  7.329775697321770E-006
 -7.436184514719299E-004
 -4.576664809978713E-004
 -4.352891935602624E-005
 -1.355645131367421E-005
 -1.422433442655123E-004
 -3.307615270925132E-004
 -3.164007504310062E-004
  1.831397800271467E-004
  2.541359283851147E-004
 -2.645830146430605E-004
 -6.028340057776930E-004
 -3.143306202757643E-004
 -4.349391447233153E-004
  1.731062364917858E-004
 -7.167661049818629E-004
  5.124080239344218E-004
  8.657363050504020E-004
 -2.044045799571055E-004
 -2.749607620243649E-004
 -5.000653616712170E-004
  1.306111706502673E-004
  1.242356663365419E-004
  8.706803655741706E-005
 -8.126525560683560E-005
  3.213849733398780E-004
 -6.064346534577917E-004
 -4.531477727683248E-004
  7.063698611878239E-005
 -4.546867771283513E-004
  1.093521846890076E-004
 -5.913598757585637E-005
 -3.707778662335579E-004
  1.231197036319063E-004
  5.623334556420801E-005
  3.905384061066741E-005
  1.266886723105588E-004
  3.652727450640865E-004
 -2.979962547199451E-004
 -1.330890959728499E-005
 -2.502716905485283E-004
  4.050386940173481E-004
 -2.505907772924489E-004
  5.017401987394022E-004
  2.776786587169327E-004
  9.492740108422313E-005
  1.065350369411361E-004
 -3.091260941211734E-004
  2.405085805939431E-004
  2.752005079661236E-004
  1.763988315430760E-004
  1.942078522241006E-004
 -5.985853107655795E-005
  1.733097996643855E-004
 -4.110473903536178E-005
 -5.300786976458416E-005
 -4.316680674828817E-004
 -2.606828524344685E-004
 -1.344711961391543E-004
 -9.529120209096758E-005
 -1.241738456658895E-005
 -2.427090759827569E-004
  1.433667481254779E-005
  1.488363867768628E-006
 -3.661909518117397E-004
 -3.644208100592719E-005
 -1.210887835881498E-004
 -4.289676319446447E-004
  3.077486213226201E-004
 -2.682728661449719E-004
 -5.265898066203431E-005
  1.155827709389146E-004
 -4.278379925143136E-004
  3.090561732492585E-004
 -2.013297215013042E-004
  1.655869302974610E-004
  3.603149160498869E-005
 -3.116786394068327E-004
  1.335239409117635E-004
 -4.082428252793438E-005
  1.140588181396372E-004
  2.229511131670906E-004
  1.247533888475963E-004
  3.432427251429220E-004
 -2.289585332355797E-005
  7.825800662659991E-006
  2.123740339301600E-004
 -1.551598624727344E-004
  1.470079037240965E-004
  2.018788325680762E-005
 -4.112092449560683E-005
  1.046966570663244E-004
 -3.568441652214585E-005
  9.220014894551563E-005
  6.467399916315709E-005
 -2.413198295590209E-004
  3.312584347134122E-004
 -8.327813713952354E-005
 -1.144659395684397E-004
  4.676316946907905E-006
  4.014742545173125E-004
 -2.684844484919430E-004
  1.379293878271944E-004
 -4.243983161737880E-004
 -2.233671598165820E-004
  5.170695229891162E-005
 -4.300221958004241E-005
  2.584329661725115E-004
  2.736740640297119E-004
  1.196644124788012E-004
 -8.993744513822662E-005
  4.666919860765616E-005
  6.740160590431908E-005
  6.047029690585629E-004
 -1.005585604466867E-004
  3.211151185330970E-004
 -3.094644269451307E-004
  3.222845960444970E-004
 -1.860089447578589E-004
  1.580482182734043E-004
  2.754842334769879E-004
 -6.060247407122137E-005
 -3.626657920988965E-004
  3.543389528719031E-005
  1.429907196952905E-004
 -1.502812633262195E-005
  3.292237849309472E-004
 -1.798777473696483E-004
 -1.022985471624179E-004
 -1.741472172641406E-004
 -6.036186260959928E-005
  7.383047037407144E-005
  2.420035990492190E-005
 -1.803032927386768E-004
 -4.256095451250202E-004
 -3.032005997717144E-005
  9.245796978101169E-005
 -1.142740430442260E-004
  1.551535137942055E-004
