 -2.235457214988269E-002
 -7.135926760815883E-003
  2.780955801942837E-003
 -2.362960571560852E-003
  1.046957341828604E-003
 -1.314392216218070E-004
  3.091477298379917E-004
 -3.772282104677624E-004
  2.258960651946919E-004
 -2.649350252828375E-004
 -7.927454630552376E-004
  5.956571994912692E-005
  2.016907734367272E-003
 -6.841267007620383E-004
 -5.330375511158003E-004
 -4.296350727636146E-004
  4.747910683970312E-005
  2.621288973165327E-004
  4.405292854935439E-004
  2.181373963210878E-004
 -4.850931687289196E-004
  5.902873860754721E-005
 -9.316900761226074E-007
  7.980278676957937E-005
  1.561637324765842E-004
  9.255493157347233E-005
 -1.224015003650167E-006
  6.884500299606465E-004
  6.025878003451952E-004
  1.398429282643340E-003
 -4.303746461921071E-004
  3.931682106918712E-004
 -1.718576277898797E-005
 -1.581514836032581E-004
  6.890137613454416E-005
  1.984090032003111E-004
 -1.687001241853813E-004
 -5.532144300321612E-005
 -2.800355053902418E-004
  1.122161000290232E-005
  9.097412249007578E-005
 -3.783862808439221E-005
  2.871404434067203E-005
 -6.355069128934249E-004
 -5.259126613515801E-004
 -3.458181804036749E-005
  2.543164939851870E-003
  5.579133136988310E-004
  5.580828059478426E-004
  1.171037285164081E-004
 -4.031497413358139E-004
 -9.837278457807516E-005
  6.182078306589526E-004
  1.308621697137276E-004
  5.377763074407655E-005
 -1.376486840240704E-004
 -1.004286598200232E-004
  2.438650691189526E-005
 -5.815198534726070E-005
 -2.867838019862570E-005
 -2.261508748969362E-004
 -4.009089015987782E-004
 -2.941175094758433E-004
 -5.468054943279213E-004
 -1.466785419819764E-004
  2.067123213827135E-004
  1.945908452027855E-004
  4.559510263014545E-006
 -1.123887553753551E-004
 -2.313402929663786E-005
  8.259767123236407E-005
 -6.936120684692951E-005
 -1.124610962642131E-004
  5.152691832023754E-004
  4.292692064428734E-004
 -9.557975171384906E-005
  2.663138875888418E-004
  1.898690935155607E-005
 -2.242892649553685E-004
  1.309846962493571E-004
 -2.193268035489888E-005
 -6.408338997870395E-005
  8.955133343568448E-005
 -3.245917313407956E-005
 -1.475919022791964E-005
  3.405394421113533E-005
 -6.456492172047660E-005
  4.131958721814185E-004
 -9.120517898752563E-004
  3.308055224940058E-004
 -4.586910022133215E-004
 -1.935664129735930E-004
  6.740147523919836E-004
  2.196106829558346E-004
  9.130340192405864E-005
  1.787874782884229E-004
 -1.118830403402344E-004
  1.451959450045225E-005
 -1.657852384609058E-005
 -4.867677974868996E-004
  6.189951098317194E-004
 -2.894677379008017E-004
  1.269777591646914E-004
 -1.013759575071863E-004
 -1.221196490491389E-004
  1.668217699505540E-004
  8.877541474427389E-005
 -5.478509114496273E-005
 -1.206699777492071E-004
 -1.549182248970969E-004
  9.382539332596639E-005
  2.006610133494566E-004
 -1.960302066832811E-004
  2.294720460140237E-004
 -2.563238228915652E-004
 -4.262668144857272E-005
 -1.222383425111450E-004
 -7.976911184190106E-005
 -6.874992864197520E-006
  3.500226718887655E-005
  1.541599002354737E-005
  5.883925435802766E-005
  2.896949267530411E-004
 -7.371816187263926E-006
  1.268210592669049E-004
 -5.360432297636431E-005
 -6.991999580800540E-005
  6.306217391537602E-005
  1.288816213642883E-005
  3.548208959440564E-006
 -3.449179228354111E-006
  2.122349592438574E-004
  9.213223352219273E-005
  9.272290168692907E-005
  1.859212597528133E-005
  6.703235754132579E-006
 -1.064415077480517E-004
 -1.159549175187482E-005
  4.133054109443304E-005
 -1.128936761413142E-004
  1.036103373545219E-004
 -9.940238342307909E-005
  1.240148931326054E-004
  5.786683851649892E-005
  6.425038297965959E-005
  3.786012654601255E-007
 -2.013382316745055E-005
 -8.894941125706249E-005
  1.142448054109902E-004
 -3.595651694252776E-005
 -8.841592266954339E-006
  2.758724134548338E-005
 -7.406453398943668E-005
  2.263857342986413E-005
 -7.314728920928359E-005
  1.127903260494625E-005
 -8.282790988540132E-006
 -4.333339586742752E-005
  2.033258731074591E-005
 -3.491823198797561E-005
 -4.406890237687035E-005
 -2.337792693492363E-005
  1.937860643937697E-005
  4.342522534201319E-005
 -2.590241967890933E-005
  1.574569126459560E-005
 -1.275006005720966E-005
 -8.056057133334570E-006
 -2.517098467019586E-005
  3.813458921394856E-007
  6.670259991401905E-006
 -9.038074722328407E-003
 -3.893165385027738E-003
  8.961050163647753E-004
 -6.880720221314187E-004
  2.136840773548869E-004
 -3.074452342479029E-005
  1.778651070477325E-004
 -5.213618954690464E-005
  8.541242799656364E-006
  3.586637313535929E-004
  6.765691352513100E-004
 -6.448846357686779E-005
  2.303140380743708E-004
 -6.197024051262847E-004
  1.344053297350810E-005
 -2.820535643605167E-004
  1.614174117332358E-004
  9.421063740347041E-005
  7.234954882334032E-005
  3.751655774567777E-005
 -2.250506662873324E-004
  2.421897394464743E-005
  9.971609483466427E-005
  1.152259315969219E-005
 -1.297494914994922E-006
  1.405969204934607E-005
  3.640565366355916E-005
  3.535052457386640E-004
 -2.432921204016979E-004
  3.212936460523642E-004
 -1.267970027503749E-004
  2.578903649283594E-004
  4.991180722871241E-005
 -3.722155052457935E-005
 -1.139315094909788E-004
  9.399132603185581E-005
 -2.704855352231730E-004
  4.849934077103167E-005
  3.063191782762254E-006
  3.040469284358266E-005
  4.080916196893697E-005
 -3.598007700997673E-005
 -8.306159014223767E-006
 -4.329024734011497E-005
  8.525115926797395E-004
  7.871848465434754E-005
  1.721612166407344E-003
  5.460237916857977E-004
  1.538748439341198E-004
 -1.099325185771837E-005
 -3.810405932045947E-004
 -1.001901986234709E-004
  2.296271128269511E-004
 -4.099157278179254E-005
  5.891806517965752E-005
 -6.149333326784883E-005
 -3.766488705572592E-005
  2.416348010558026E-005
 -4.458596097003218E-006
  9.699408693804154E-006
 -4.352061968912597E-005
 -4.261715865935664E-004
 -3.570878557891759E-004
 -2.432372911927152E-004
 -7.344651016364725E-005
  1.057781856309673E-004
  1.338783308768580E-004
  1.070883860664674E-004
  8.057528432836133E-005
 -7.960220969419636E-005
 -1.050989429827505E-005
 -9.157701035490866E-005
 -9.286598481292050E-006
  1.281484085654607E-005
  3.622749178013496E-004
 -1.103390049847586E-005
 -4.843373436097515E-006
  1.814380253210173E-004
  8.663970883312137E-005
  9.878494463087258E-005
  2.353964928369340E-004
  7.883386665356767E-005
  9.362021063355618E-006
 -4.876210557889884E-005
 -6.216283586444289E-005
 -2.582798989835830E-005
  3.965812858795402E-005
  4.464824832939145E-005
 -2.468313671920757E-004
  9.144879355335518E-005
 -1.682912934455178E-004
 -4.425410247020265E-005
  4.313857473959107E-004
  2.046676369618247E-004
  2.040339537925200E-004
  1.091136872260165E-004
 -1.260846337597702E-004
  1.069828629888611E-005
  1.438785387728896E-005
 -2.872163904951609E-004
  1.263428861004121E-004
 -3.196585137319576E-004
  9.180138090908574E-005
 -1.250361947016089E-004
 -6.496036343821168E-006
  4.399257269591703E-005
 -9.916960245063915E-005
 -1.530372261680557E-005
 -4.200327000845047E-005
 -4.820742462486868E-005
  1.341724300445907E-005
  2.336181647436081E-004
 -1.813869098617347E-004
  2.202208419888619E-004
 -1.754240894099003E-004
 -3.904091139080348E-005
 -1.446951818925681E-004
 -1.044884107914278E-004
 -3.480766146913261E-005
 -7.843615655999431E-006
 -7.848538573208873E-007
 -8.664228408224478E-005
  6.906953364823144E-005
 -9.209507232511877E-005
  9.465639653234964E-005
 -6.644599731694652E-006
  5.006218329586026E-006
 -2.271772589774166E-005
 -1.762158154497915E-005
 -4.010925977633917E-005
 -2.126360923646641E-005
  1.219527291904900E-004
  1.221524761241171E-004
  1.421418969600913E-004
  1.413940954016809E-005
  7.214932116755429E-005
 -4.591446891515132E-005
  1.463903018806996E-005
  7.186613476026862E-006
 -9.271043186746571E-005
  7.916172646937170E-005
 -1.608856693004074E-004
  1.545975214543257E-004
 -1.592848682145081E-005
  1.324073738675131E-004
  4.175023240804517E-005
  1.474783389405892E-005
 -5.167916063794405E-005
  3.412553004820958E-005
 -1.315793585736442E-006
 -6.120641032144637E-005
  1.407141362893839E-005
 -8.061660994675520E-005
  2.182238332872996E-005
 -6.121339719605709E-006
  9.752300637958419E-006
 -3.239441115901698E-005
 -5.712438306598311E-005
 -2.821273302709545E-005
  8.022360514830391E-007
  1.344664148951381E-006
  3.550733624495177E-005
  5.626816840796879E-006
  3.646711692228150E-005
 -1.441664199559326E-007
  2.976636029468732E-005
  9.315474233066099E-006
 -2.616906244748350E-005
 -1.677638109174550E-005
  1.084802660549020E-005
  5.485024204374852E-006
 -1.764891622090630E-003
 -1.583037709182521E-003
  2.992749825380418E-004
  5.438172210610129E-005
 -6.638320598896276E-005
  1.789154448951344E-004
 -1.092433545561665E-004
  8.116223549689452E-005
 -4.452432882412900E-005
 -4.458036163954572E-005
  6.064812085091470E-004
 -8.336052048726698E-005
  1.191808911051835E-004
 -2.977958062653040E-004
  2.039485371887165E-004
 -1.053296373464799E-004
  1.211930333739724E-005
  1.300251351494233E-004
  5.620175669583099E-005
 -6.396618456954317E-006
 -1.625199076957719E-004
  1.399061216997204E-005
  7.576104792201378E-005
 -4.758124246268941E-005
 -4.134353559376960E-005
 -2.499379119078272E-005
  5.132356580170214E-005
 -2.445166642501918E-004
 -6.957148701421580E-006
 -1.438580530012979E-004
 -2.191272038065320E-004
 -3.794739611555969E-005
 -7.213414524082357E-005
  8.455171671951395E-005
  1.933339555378512E-004
  9.468650551990895E-006
 -1.032759715874017E-004
  1.213514189904980E-005
  3.080483918432956E-005
  4.660435895928996E-005
 -7.740649111567652E-006
 -2.458178265724700E-005
  1.761206756114383E-007
  4.032710768736972E-004
  4.171272973080260E-004
  1.517853179918391E-004
  5.513848321697737E-004
  4.618590772575117E-004
  2.201052386624019E-005
 -1.136306219583646E-004
 -1.717364739133443E-004
  5.572127255141343E-006
  1.068735042100568E-004
 -5.342734509491548E-006
  5.768118351830518E-006
 -3.538999523324396E-006
  2.667583717543180E-005
 -6.866038044271671E-006
  2.188523393317917E-005
 -9.551619165210971E-005
 -1.290164300371702E-005
 -2.244312531554985E-004
 -1.460557443470585E-004
 -9.674082444483482E-005
  7.658527635143647E-005
  6.806729462716687E-005
  3.228968169447590E-006
  6.607032441326240E-005
 -1.135614784199012E-005
 -2.312889881419554E-005
  1.393358678246252E-005
 -3.312329056481384E-005
  1.762465928985297E-005
  1.145716895220553E-004
  2.181078796986236E-004
  3.415344851756359E-005
 -7.822451654046774E-005
  7.022429522188823E-005
  7.410722515825360E-006
  1.943778136122922E-004
 -3.653838564936052E-005
  3.735545750511700E-005
 -8.815941154438655E-005
 -1.091775478992927E-005
  7.910533468276144E-006
 -1.897801435809667E-006
  2.368233880533051E-005
 -6.714027587817301E-005
 -4.941473074612894E-005
  8.718893140433879E-005
 -1.453064397620690E-004
  1.824956798318776E-004
  2.860095707892194E-005
  1.639686124873372E-004
 -1.510058739167702E-005
 -1.570778548660854E-005
 -7.651888414930866E-006
  1.651127231547132E-006
  6.350177961383180E-007
 -6.691933666240825E-005
  9.143683654999046E-005
  1.833284029382074E-005
  9.756694455642007E-005
 -2.147080345080827E-005
  7.011486565278209E-005
 -5.224547655384135E-005
  1.357462294475521E-005
 -2.634463615643869E-005
  5.616851311658001E-006
  1.110023475020591E-005
  1.170418009228386E-005
  3.555802905552638E-006
 -1.002369083019610E-004
 -2.006309618005340E-006
 -2.917623662378916E-005
 -5.821233885301152E-005
  3.094999776394345E-008
 -2.990461681401120E-005
 -4.264134272819665E-005
  2.450087862055446E-006
 -2.734515303336691E-005
 -2.379382819040191E-005
  2.626905923333780E-005
  3.075821938610466E-006
  3.020488883700204E-005
  4.155756463196247E-006
 -4.075274149613180E-005
 -3.863383231477790E-006
 -2.288834155454122E-005
 -1.659608823717458E-006
  1.018230586014270E-005
  8.814279091202642E-005
 -2.252088103126338E-005
  8.026000345405774E-005
 -1.181240421960807E-005
  6.078212907196637E-005
 -7.710973688208931E-006
  9.707415305989894E-006
  1.243956562130461E-005
 -4.535584912208587E-005
  3.781335419290688E-005
 -4.815604227654348E-005
  1.048068187960454E-004
  2.339928897544991E-005
  2.391747975955922E-005
 -9.951985049021223E-006
 -9.767119223891652E-006
 -2.762315708844506E-005
  4.856593242402738E-005
 -2.268993492723257E-005
 -5.462561899344607E-006
 -2.418589842221516E-005
 -2.430382101716967E-005
  1.437580244442882E-006
  2.445260647119573E-005
 -2.045246229784664E-005
 -2.112882231878941E-005
 -2.667138285444604E-005
 -2.076845529137681E-006
  2.441481530401083E-005
  4.032773682641520E-006
  3.384327766593108E-005
 -1.225887904511556E-005
  1.892369667609015E-005
 -1.585908320762524E-005
  1.869720171910529E-005
  9.068649314268579E-006
 -8.448518900000999E-006
 -8.808899878952319E-006
  5.709432968654011E-006
 -7.095786912326048E-006
   109999.956370354     
