  0.473435747572178     
 -8.553350385404439E-002
 -9.444463071968819E-002
  7.773242899942227E-002
 -6.385109667166552E-002
 -8.778887477273790E-002
  3.359010471711147E-002
  5.869822715788552E-003
 -2.157751433640943E-002
  3.353858048370118E-002
 -0.211900233095055     
 -5.481233633978934E-002
  0.118935165860445     
  3.629580005631994E-002
  0.175380173010224     
  9.667410949621826E-002
 -4.921111530254439E-002
  7.596103472155702E-002
  3.115326796203479E-002
  1.686548727206076E-002
  7.822200396406583E-002
 -1.198263383500078E-002
 -5.041058701168009E-002
 -3.100218719745775E-002
 -1.170179152738085E-002
 -2.500043255950306E-002
  3.930261548573722E-002
 -0.303370306545686     
 -8.881214475729854E-002
 -8.372045075274243E-002
  4.903202768211520E-002
  0.172355812463197     
  0.118710104718553     
 -1.564504080532936E-002
  5.818549243868438E-002
 -5.029770713505573E-002
  3.712059025773848E-002
  4.012156021383950E-002
  7.864318213828789E-002
 -3.933467603872177E-002
  4.227200861732047E-002
 -4.223323293580703E-002
 -2.412515192171400E-002
  8.893311056307016E-002
  0.103395839304233     
  9.372449000681951E-002
  6.472472691860080E-002
  3.297971461073103E-002
 -5.967203501467225E-002
 -4.386628311501435E-002
  7.509712937706109E-002
 -7.596375109615433E-002
  8.970348316974028E-002
 -1.917681673138432E-002
 -4.014451344781258E-003
 -2.512178283836732E-002
  4.637167825023648E-002
 -3.005739268783257E-002
  5.107375809142067E-002
  0.155368541898366     
  2.874743293228123E-002
  6.298596595591814E-002
  3.399435303462411E-002
 -0.138045741851740     
 -5.329390421044067E-002
 -9.254411289967400E-002
 -9.031478435197736E-003
 -3.650615394647593E-002
  5.396178014147473E-002
 -5.727542877706318E-002
  9.756606921359920E-003
 -1.796705339143839E-002
 -2.857548956877717E-002
 -5.726200255050171E-002
 -9.964540850353214E-002
 -4.825274140539088E-002
 -0.106859566339962     
 -2.006805965539905E-002
 -4.203704874439612E-003
  1.003552252559396E-003
 -4.898674364455052E-003
  1.390485811068600E-002
 -4.496843508592306E-002
 -2.592673916953056E-002
 -1.029296046789495E-002
 -3.007036678443631E-002
  2.284979372035223E-003
 -4.700374425673363E-002
 -1.585037086606150E-002
 -1.813259590711732E-002
 -3.722313061231253E-002
  4.256513048496226E-002
 -4.062075300916135E-004
  2.514434092185920E-002
  2.585157140765653E-002
 -3.510118229931973E-002
  5.759449754446639E-003
 -3.461588256172266E-002
 -4.320410275077045E-002
  5.825483210905866E-002
  7.470062662403254E-002
  3.928546025075437E-002
  0.102041433637032     
 -2.766793321932395E-002
  1.612930476706030E-002
  3.423034536457576E-003
 -4.784631474662449E-002
  1.570995258062630E-002
 -4.378366931245325E-003
 -9.608925955838009E-005
  1.001168645516009E-002
  3.237358185684670E-002
  3.250540453316374E-003
  1.911585531068006E-002
 -1.528016036311443E-003
 -3.147368517738316E-002
 -3.718128115048845E-003
 -2.494020406718303E-002
 -3.343513576486310E-002
  3.436847002636562E-002
 -3.401564119355267E-002
 -5.786939410056766E-003
 -4.405115744587151E-002
  1.117961574702785E-002
 -7.664418204950522E-002
  4.533344890425327E-002
 -2.657890528904902E-002
 -4.189741738667347E-003
  8.505572988688559E-003
 -2.751152122611596E-002
 -3.827463108047647E-003
  1.587516414128552E-002
 -1.882825414171204E-003
  2.138868467442294E-002
  1.773377740803775E-002
  2.927609665647316E-002
  1.458719423501548E-002
  1.499017514074673E-003
  3.582745918741591E-003
  1.075180634666753E-002
  9.684011693335281E-003
 -1.839353578945660E-003
  2.743326958664710E-002
 -2.669108768944621E-002
 -9.518911177057532E-003
 -1.937447964528017E-002
 -2.626178284141190E-002
 -1.849017156403076E-002
 -8.071368868494634E-003
 -1.165552932213576E-002
 -2.374630861237109E-002
 -1.161232118551015E-002
 -2.713236544681671E-002
 -9.903076190620575E-003
 -1.505543210547729E-003
  1.198911115294622E-002
 -5.897955192112701E-003
  1.222408041430791E-002
 -6.641055556544334E-003
  9.972347926364212E-003
  1.129235808822044E-002
  1.295547986728975E-002
  2.253677469055714E-002
 -9.051926566213730E-004
  5.062899197446949E-003
 -9.612944860593780E-004
  2.191474599909616E-003
 -1.039373240808878E-002
  1.431925399150696E-003
 -9.167884447608120E-004
  5.342721804135412E-003
